a	b	nSites	J9	J8	J7	J6	J5	J4	J3	J2	J1	rab	Fa	Fb	theta	inbred_relatedness_1_2	inbred_relatedness_2_1	fraternity	identity	zygosity	2of3_IDB	FDiff	loglh	nIter	bestoptimll	coverage	2dsfs	R0	R1	KING	2dsfs_loglike	2dsfsf_niter
0	1	30059	0.174967	0.000007	0.825023	0.000000	0.000000	0.000000	0.000000	0.000002	0.000001	0.825027	0.000003	0.000003	0.412514	0.000001	0.000001	0.825025	0.000001	0.825026	0.825029	-0.000000	-35118.211086	39	-1	0.992406	2.361412e-01,5.377261e-02,1.332414e-10,3.974953e-02,6.441766e-01,4.377892e-04,3.510909e-16,1.121851e-03,2.460042e-02	0.000000	6.774974	0.465636	-31673.521388	10
0	2	30073	0.187561	0.000000	0.812438	0.000000	0.000000	0.000000	0.000000	0.000000	0.000001	0.812439	0.000002	0.000002	0.406220	0.000001	0.000001	0.812438	0.000001	0.812439	0.812439	-0.000000	-35957.089754	83	-1	0.992869	2.380014e-01,5.233134e-02,6.594543e-10,4.717257e-02,6.355687e-01,1.199957e-03,2.423211e-16,1.092757e-03,2.463330e-02	0.000000	6.243515	0.462927	-32722.038087	10
0	3	30064	0.189346	0.000011	0.810641	0.000000	0.000000	0.000000	0.000000	0.000001	0.000000	0.810647	0.000001	0.000002	0.405323	0.000000	0.000000	0.810642	0.000000	0.810642	0.810648	-0.000000	-35757.254263	59	-1	0.992572	2.383332e-01,5.228843e-02,6.052264e-18,4.846250e-02,6.340017e-01,1.206376e-03,3.101801e-18,7.973021e-04,2.491054e-02	0.000000	6.170056	0.462519	-32530.420082	10
0	4	30037	0.233536	0.000023	0.766441	0.000000	0.000000	0.000000	0.000000	0.000000	0.000000	0.766452	0.000000	0.000000	0.383226	0.000000	0.000000	0.766441	0.000000	0.766441	0.766452	-0.000000	-37419.198074	374	-1	0.991680	2.425705e-01,4.824423e-02,8.109738e-05,7.364344e-02,6.072030e-01,2.537490e-03,6.944321e-05,1.154719e-03,2.449607e-02	0.000248	4.829404	0.452917	-34496.743520	10
0	5	30073	0.192586	0.000001	0.807413	0.000000	0.000000	0.000000	0.000000	0.000000	0.000000	0.807414	0.000000	0.000000	0.403707	0.000000	0.000000	0.807413	0.000000	0.807413	0.807414	0.000000	-36112.388856	74	-1	0.992869	2.383527e-01,5.202060e-02,1.489079e-18,5.029654e-02,6.328164e-01,8.208899e-04,8.423455e-15,1.004524e-03,2.468836e-02	0.000000	6.076444	0.461986	-32881.513963	10
0	6	30014	1.000000	0.000000	0.000000	0.000000	0.000000	0.000000	0.000000	0.000000	0.000000	0.000009	0.000001	0.000000	0.000005	0.000000	0.000000	0.000009	0.000000	0.000009	0.000010	-0.000000	-48047.869959	66	-48047.900323	0.990921	2.172157e-02,2.404782e-01,2.973689e-02,2.427789e-01,4.397743e-01,7.539601e-05,2.519167e-02,2.431177e-04,6.477620e-19	0.124902	0.816659	0.242030	-40714.841113	10
0	7	30000	1.000000	0.000000	0.000000	0.000000	0.000000	0.000000	0.000000	0.000000	0.000000	0.000009	0.000000	0.000000	0.000004	0.000000	0.000000	0.000009	0.000000	0.000009	0.000009	0.000000	-48167.526096	54	-48167.543579	0.990459	2.399151e-02,2.388380e-01,2.909857e-02,2.526737e-01,4.296197e-01,3.552513e-04,2.523089e-02,1.923847e-04,3.211386e-12	0.126459	0.786289	0.237520	-41193.942939	9
0	8	29921	1.000000	0.000000	0.000000	0.000000	0.000000	0.000000	0.000000	0.000000	0.000000	0.000002	0.000000	0.000000	0.000001	0.000000	0.000000	0.000000	0.000000	0.000000	0.000002	-0.000000	-49422.442385	79	-49422.468447	0.987850	5.569433e-02,1.921718e-01,4.426243e-02,3.456696e-01,3.318390e-01,4.975226e-03,2.528605e-02,1.015765e-04,1.542143e-15	0.209585	0.541807	0.159740	-45053.385625	10
0	9	29960	1.000000	0.000000	0.000000	0.000000	0.000000	0.000000	0.000000	0.000000	0.000000	0.000001	0.000000	0.000000	0.000000	0.000000	0.000000	0.000001	0.000000	0.000001	0.000001	-0.000000	-48792.406753	46	-48792.411882	0.989138	4.095931e-02,2.153481e-01,3.589903e-02,3.108044e-01,3.693482e-01,2.157740e-03,2.527722e-02,2.053602e-04,6.066233e-07	0.165633	0.626341	0.194913	-43629.631789	10
0	10	29919	1.000000	0.000000	0.000000	0.000000	0.000000	0.000000	0.000000	0.000000	0.000000	0.000000	0.000000	0.000000	0.000000	0.000000	0.000000	0.000000	0.000000	0.000000	0.000000	-0.000000	-49066.145695	54	-49066.147188	0.987784	5.001904e-02,2.004611e-01,4.166010e-02,3.335581e-01,3.464638e-01,2.477850e-03,2.517410e-02,1.524890e-04,3.342417e-05	0.192904	0.574106	0.173064	-44378.602557	10
0	11	30018	1.000000	0.000000	0.000000	0.000000	0.000000	0.000000	0.000000	0.000000	0.000000	0.000011	0.000000	0.000000	0.000006	0.000000	0.000000	0.000011	0.000000	0.000011	0.000011	0.000000	-48234.625512	58	-48234.644294	0.991053	2.387808e-02,2.373956e-01,3.052904e-02,2.473826e-01,4.352150e-01,1.411106e-04,2.530555e-02,1.196999e-04,3.331335e-05	0.128292	0.804652	0.238697	-41125.558422	10
1	2	30082	0.159390	0.000016	0.840594	0.000000	0.000000	0.000000	0.000000	0.000000	0.000000	0.840602	0.000000	0.000000	0.420301	0.000000	0.000000	0.840594	0.000000	0.840594	0.840602	-0.000000	-34769.374753	274	-1	0.993166	2.377209e-01,3.815335e-02,4.936686e-20,4.695810e-02,6.508531e-01,1.270896e-03,5.062561e-17,4.223569e-04,2.462133e-02	0.000000	7.497901	0.468742	-31374.946337	10
1	3	30082	0.163343	0.000008	0.836648	0.000000	0.000000	0.000000	0.000000	0.000000	0.000000	0.836652	0.000000	0.000000	0.418326	0.000000	0.000000	0.836648	0.000000	0.836648	0.836652	0.000000	-34833.508838	50	-1	0.993166	2.376376e-01,3.878746e-02,3.744712e-16,4.852312e-02,6.487286e-01,1.362886e-03,5.845719e-18,2.539643e-04,2.470642e-02	0.000000	7.295034	0.467928	-31442.897673	10
1	4	30056	0.216916	0.000012	0.783072	0.000000	0.000000	0.000000	0.000000	0.000000	0.000000	0.783078	0.000000	0.000000	0.391539	0.000000	0.000000	0.783072	0.000000	0.783072	0.783078	0.000000	-36967.385289	78	-1	0.992307	2.388122e-01,3.741360e-02,2.260705e-09,7.659684e-02,6.198087e-01,2.493146e-03,7.540050e-07,5.426063e-04,2.433221e-02	0.000001	5.295385	0.456861	-33687.020779	10
1	5	30077	0.165179	0.000002	0.834819	0.000000	0.000000	0.000000	0.000000	0.000000	0.000000	0.834820	0.000000	0.000000	0.417410	0.000000	0.000000	0.834819	0.000000	0.834819	0.834820	0.000000	-34972.526605	46	-1	0.993001	2.379511e-01,3.798408e-02,1.761778e-16,5.033319e-02,6.477484e-01,1.062142e-03,3.370721e-14,4.667644e-04,2.445433e-02	0.000000	7.209527	0.467573	-31592.813908	10
1	6	30022	1.000000	0.000000	0.000000	0.000000	0.000000	0.000000	0.000000	0.000000	0.000000	0.000019	0.000000	0.000000	0.000009	0.000000	0.000000	0.000019	0.000000	0.000019	0.000019	0.000000	-47957.112962	98	-47957.125715	0.991185	1.894268e-02,2.277109e-01,2.980345e-02,2.463390e-01,4.524568e-01,3.690493e-05,2.451176e-02,1.985390e-04,8.665776e-16	0.120045	0.855952	0.249294	-40132.970383	10
1	7	30006	1.000000	0.000000	0.000000	0.000000	0.000000	0.000000	0.000000	0.000000	0.000000	0.000007	0.000001	0.000001	0.000004	0.000000	0.000000	0.000007	0.000000	0.000007	0.000008	0.000000	-48076.146907	63	-48076.180794	0.990657	2.015038e-02,2.273846e-01,2.927887e-02,2.576738e-01,4.407250e-01,1.770606e-04,2.450910e-02,1.012312e-04,2.046234e-16	0.122044	0.817483	0.243746	-40549.235214	10
1	8	29928	1.000000	0.000000	0.000000	0.000000	0.000000	0.000000	0.000000	0.000000	0.000000	0.000002	0.000002	0.000001	0.000001	0.000000	0.000000	0.000001	0.000000	0.000001	0.000003	0.000001	-49351.465896	31	-49351.512559	0.988081	4.654433e-02,1.863002e-01,4.386081e-02,3.555600e-01,3.377577e-01,5.344869e-03,2.456470e-02,6.743578e-05,1.098120e-22	0.202588	0.548577	0.164302	-44352.310236	10
1	9	29968	1.000000	0.000000	0.000000	0.000000	0.000000	0.000000	0.000000	0.000000	0.000000	0.000001	0.000000	0.000000	0.000001	0.000000	0.000000	0.000001	0.000000	0.000001	0.000001	-0.000000	-48749.691758	70	-48749.696526	0.989402	3.360884e-02,2.075445e-01,3.585409e-02,3.193424e-01,3.767354e-01,2.094692e-03,2.475864e-02,6.147517e-05,7.920957e-12	0.160889	0.638907	0.199226	-42932.827088	10
1	10	29932	1.000000	0.000000	0.000000	0.000000	0.000000	0.000000	0.000000	0.000000	0.000000	0.000002	0.000000	0.000000	0.000001	0.000000	0.000000	0.000001	0.000000	0.000001	0.000002	-0.000000	-48997.246994	78	-48997.267041	0.988214	4.066366e-02,1.949658e-01,4.113508e-02,3.435057e-01,3.519981e-01,3.120645e-03,2.450911e-02,1.018737e-04,6.170229e-12	0.186490	0.579575	0.177179	-43660.150061	9
1	11	30032	1.000000	0.000000	0.000000	0.000000	0.000000	0.000000	0.000000	0.000000	0.000000	0.000016	0.000002	0.000001	0.000008	0.000001	0.000000	0.000016	0.000000	0.000016	0.000017	0.000000	-48253.260782	111	-48253.314683	0.991515	2.035166e-02,2.256303e-01,3.065497e-02,2.519930e-01,4.465689e-01,1.628328e-04,2.451852e-02,1.198624e-04,4.333714e-17	0.123550	0.837715	0.245231	-40624.821715	10
2	3	30087	0.171371	0.000007	0.828621	0.000000	0.000000	0.000000	0.000000	0.000000	0.000000	0.828625	0.000000	0.000000	0.414313	0.000000	0.000000	0.828621	0.000000	0.828622	0.828625	-0.000000	-35384.443009	62	-1	0.993331	2.407017e-01,4.461543e-02,9.521783e-17,4.646852e-02,6.410733e-01,1.170752e-03,1.844360e-13,1.076196e-03,2.489404e-02	0.000000	6.868822	0.466073	-32216.783794	10
2	4	30061	0.223976	0.000004	0.776020	0.000000	0.000000	0.000000	0.000000	0.000000	0.000000	0.776022	0.000000	0.000000	0.388011	0.000000	0.000000	0.776020	0.000000	0.776020	0.776022	-0.000000	-37446.557793	62	-1	0.992473	2.422732e-01,4.285297e-02,3.480696e-09,7.344273e-02,6.131927e-01,2.528959e-03,6.671978e-05,1.362853e-03,2.427988e-02	0.000109	5.099136	0.455274	-34452.981778	10
2	5	30090	0.173629	0.000018	0.826354	0.000000	0.000000	0.000000	0.000000	0.000000	0.000000	0.826363	0.000000	0.000000	0.413181	0.000000	0.000000	0.826354	0.000000	0.826354	0.826363	-0.000000	-35653.281983	263	-1	0.993430	2.410243e-01,4.443237e-02,4.857538e-17,4.852488e-02,6.395106e-01,6.287407e-04,4.317524e-07,1.029547e-03,2.484915e-02	0.000001	6.759014	0.465560	-32475.437714	10
2	6	30035	1.000000	0.000000	0.000000	0.000000	0.000000	0.000000	0.000000	0.000000	0.000000	0.000009	0.000000	0.000000	0.000004	0.000000	0.000000	0.000009	0.000000	0.000009	0.000009	-0.000000	-48253.217991	62	-48253.228401	0.991614	2.128430e-02,2.352936e-01,2.978827e-02,2.429663e-01,4.450322e-01,1.232935e-10,2.536109e-02,2.742825e-04,1.560448e-20	0.123922	0.833888	0.244581	-40809.474836	10
2	7	30015	1.000000	0.000000	0.000000	0.000000	0.000000	0.000000	0.000000	0.000000	0.000000	0.000010	0.000000	0.000001	0.000005	0.000000	0.000000	0.000010	0.000000	0.000010	0.000010	-0.000000	-48387.449046	71	-48387.477494	0.990954	2.282048e-02,2.341973e-01,2.928129e-02,2.540615e-01,4.339673e-01,1.327744e-04,2.527922e-02,2.267586e-04,3.331669e-05	0.125725	0.798940	0.239465	-41274.529817	10
2	8	29937	1.000000	0.000000	0.000000	0.000000	0.000000	0.000000	0.000000	0.000000	0.000000	0.000000	0.000000	0.000000	0.000000	0.000000	0.000000	0.000000	0.000000	0.000000	0.000000	-0.000000	-49627.826466	50	-49627.826476	0.988379	5.050998e-02,1.919069e-01,4.400745e-02,3.505086e-01,3.321975e-01,5.157829e-03,2.558152e-02,9.687437e-05,3.341636e-05	0.209481	0.538182	0.159248	-45049.035354	10
2	9	29984	1.000000	0.000000	0.000000	0.000000	0.000000	0.000000	0.000000	0.000000	0.000000	0.000000	0.000000	0.000001	0.000000	0.000000	0.000000	0.000000	0.000000	0.000000	0.000001	-0.000001	-49048.733729	50	-49048.748864	0.989930	3.831500e-02,2.118231e-01,3.608975e-02,3.135622e-01,3.725123e-01,1.986988e-03,2.552002e-02,1.906125e-04,1.757092e-10	0.165390	0.632263	0.195894	-43716.550036	10
2	10	29942	1.000000	0.000000	0.000000	0.000000	0.000000	0.000000	0.000000	0.000000	0.000000	0.000000	0.000000	0.000000	0.000000	0.000000	0.000000	0.000000	0.000000	0.000000	0.000000	-0.000000	-49331.102943	70	-49331.103054	0.988544	4.688244e-02,1.981697e-01,4.115157e-02,3.362469e-01,3.489544e-01,3.029862e-03,2.536160e-02,1.700916e-04,3.340471e-05	0.190607	0.577615	0.174766	-44510.903771	10
2	11	30036	1.000000	0.000000	0.000000	0.000000	0.000000	0.000000	0.000000	0.000000	0.000000	0.000013	0.000000	0.000000	0.000007	0.000000	0.000000	0.000013	0.000000	0.000013	0.000013	0.000000	-48508.254626	58	-48508.274799	0.991647	2.226407e-02,2.331553e-01,3.068173e-02,2.489420e-01,4.393270e-01,9.872212e-05,2.539591e-02,1.352445e-04,5.998621e-10	0.127644	0.815973	0.240393	-41245.854434	9
3	4	30055	0.236052	0.000021	0.763927	0.000000	0.000000	0.000000	0.000000	0.000000	0.000000	0.763938	0.000000	0.000000	0.381969	0.000000	0.000000	0.763927	0.000000	0.763927	0.763938	-0.000000	-37603.874567	298	-1	0.992274	2.401064e-01,4.697737e-02,1.259098e-04,7.592881e-02,6.083031e-01,2.519789e-03,5.853824e-05,1.397682e-03,2.458241e-02	0.000303	4.789483	0.452524	-34655.996230	10
3	5	30096	0.175818	0.000013	0.824170	0.000000	0.000000	0.000000	0.000000	0.000000	0.000000	0.824176	0.000000	0.000000	0.412088	0.000000	0.000000	0.824170	0.000000	0.824170	0.824176	0.000000	-35576.758997	54	-1	0.993628	2.410795e-01,4.588405e-02,1.061622e-13,4.775680e-02,6.387039e-01,5.699753e-04,1.244437e-17,1.063790e-03,2.494197e-02	0.000000	6.703820	0.465296	-32394.538764	10
3	6	30022	1.000000	0.000000	0.000000	0.000000	0.000000	0.000000	0.000000	0.000000	0.000000	0.000014	0.000001	0.000001	0.000007	0.000000	0.000000	0.000014	0.000000	0.000014	0.000015	0.000000	-48052.796527	71	-48052.840943	0.991185	2.177317e-02,2.364719e-01,2.974177e-02,2.421991e-01,4.439884e-01,6.474544e-05,2.558353e-02,1.773187e-04,4.454912e-12	0.124610	0.831068	0.243866	-40673.126188	9
3	7	30013	1.000000	0.000000	0.000000	0.000000	0.000000	0.000000	0.000000	0.000000	0.000000	0.000012	0.000000	0.000000	0.000006	0.000000	0.000000	0.000012	0.000000	0.000012	0.000012	0.000000	-48216.904551	66	-48216.922511	0.990888	2.494123e-02,2.337590e-01,2.935090e-02,2.515965e-01,4.344663e-01,1.336859e-04,2.556716e-02,1.851984e-04,1.029751e-09	0.126403	0.803685	0.239649	-41215.120038	9
3	8	29932	1.000000	0.000000	0.000000	0.000000	0.000000	0.000000	0.000000	0.000000	0.000000	0.000000	0.000000	0.000000	0.000000	0.000000	0.000000	0.000000	0.000000	0.000000	0.000000	-0.000000	-49395.182950	70	-49395.183332	0.988214	5.427042e-02,1.899203e-01,4.413363e-02,3.466752e-01,3.342908e-01,4.988473e-03,2.566270e-02,5.858093e-05,1.468105e-10	0.208789	0.546728	0.160878	-44961.360005	10
3	9	29969	1.000000	0.000000	0.000000	0.000000	0.000000	0.000000	0.000000	0.000000	0.000000	0.000000	0.000000	0.000000	0.000000	0.000000	0.000000	0.000000	0.000000	0.000000	0.000000	-0.000000	-48869.427394	58	-48869.428524	0.989435	3.980400e-02,2.122184e-01,3.618193e-02,3.116577e-01,3.722443e-01,1.934727e-03,2.585208e-02,1.068334e-04,3.536525e-13	0.166649	0.633121	0.195352	-43594.049651	10
3	10	29934	1.000000	0.000000	0.000000	0.000000	0.000000	0.000000	0.000000	0.000000	0.000000	0.000000	0.000000	0.000000	0.000000	0.000000	0.000000	0.000000	0.000000	0.000000	0.000000	-0.000000	-49082.454000	78	-1	0.988280	4.695895e-02,1.995770e-01,4.136770e-02,3.357647e-01,3.476814e-01,2.873276e-03,2.563443e-02,1.425854e-04,4.268546e-21	0.192711	0.574338	0.173197	-44275.569374	10
3	11	30029	1.000000	0.000000	0.000000	0.000000	0.000000	0.000000	0.000000	0.000000	0.000000	0.000003	0.000000	0.000000	0.000002	0.000000	0.000000	0.000003	0.000000	0.000003	0.000003	0.000000	-48291.727417	62	-48291.735960	0.991416	2.135688e-02,2.362575e-01,3.049448e-02,2.497013e-01,4.362855e-01,1.932786e-04,2.561622e-02,9.480782e-05,4.564751e-10	0.128610	0.804424	0.238490	-41037.496676	10
4	5	30056	0.230767	0.000022	0.769211	0.000000	0.000000	0.000000	0.000000	0.000000	0.000000	0.769222	0.000000	0.000000	0.384611	0.000000	0.000000	0.769211	0.000000	0.769211	0.769222	0.000000	-37547.966556	346	-1	0.992307	2.426133e-01,7.386443e-02,4.321414e-05,4.651995e-02,6.091530e-01,9.437615e-04,1.185894e-04,2.572452e-03,2.417131e-02	0.000266	4.910053	0.453603	-34631.029930	11
4	6	30011	1.000000	0.000000	0.000000	0.000000	0.000000	0.000000	0.000000	0.000000	0.000000	0.000009	0.000000	0.000001	0.000005	0.000000	0.000001	0.000008	0.000000	0.000008	0.000009	-0.000000	-48148.432494	63	-48148.483325	0.990822	3.041633e-02,2.568991e-01,2.978416e-02,2.341440e-01,4.220150e-01,2.549907e-09,2.519959e-02,1.541753e-03,6.095389e-22	0.130289	0.770707	0.233461	-41917.164048	10
4	7	29993	1.000000	0.000000	0.000000	0.000000	0.000000	0.000000	0.000000	0.000000	0.000000	0.000002	0.000001	0.000001	0.000001	0.000000	0.000000	0.000002	0.000000	0.000002	0.000003	0.000000	-48250.783912	50	-48250.806813	0.990227	3.359493e-02,2.543299e-01,2.924834e-02,2.430308e-01,4.127166e-01,2.498413e-04,2.528252e-02,1.523256e-03,2.377407e-05	0.132127	0.745427	0.229248	-42406.099546	10
4	8	29910	1.000000	0.000000	0.000000	0.000000	0.000000	0.000000	0.000000	0.000000	0.000000	0.000000	0.000000	0.000000	0.000000	0.000000	0.000000	0.000000	0.000000	0.000000	0.000000	-0.000000	-49496.427917	54	-1	0.987487	6.699403e-02,2.050854e-01,4.522915e-02,3.338712e-01,3.179357e-01,4.090813e-03,2.591406e-02,8.385673e-04,4.109116e-05	0.223766	0.516944	0.148886	-46057.311495	10
4	9	29959	1.000000	0.000000	0.000000	0.000000	0.000000	0.000000	0.000000	0.000000	0.000000	0.000000	0.000000	0.000000	0.000000	0.000000	0.000000	0.000000	0.000000	0.000000	0.000000	-0.000000	-48970.996255	50	-48971.000852	0.989105	5.212058e-02,2.283699e-01,3.674912e-02,2.993151e-01,3.550652e-01,1.409503e-03,2.606660e-02,8.000427e-04,1.039824e-04	0.176913	0.599054	0.185024	-44768.186301	10
4	10	29919	1.000000	0.000000	0.000000	0.000000	0.000000	0.000000	0.000000	0.000000	0.000000	0.000003	0.000000	0.000000	0.000001	0.000000	0.000000	0.000001	0.000000	0.000001	0.000003	-0.000000	-49226.373176	83	-49226.397267	0.987784	6.353145e-02,2.115613e-01,4.220447e-02,3.191189e-01,3.347070e-01,2.092208e-03,2.585758e-02,9.258699e-04,1.217727e-06	0.203348	0.556213	0.165058	-45580.193379	14
4	11	30016	1.000000	0.000000	0.000000	0.000000	0.000000	0.000000	0.000000	0.000000	0.000000	0.000003	0.000000	0.000000	0.000002	0.000000	0.000000	0.000003	0.000000	0.000003	0.000003	-0.000000	-48448.406078	58	-48448.413123	0.990987	3.375262e-02,2.528899e-01,3.053120e-02,2.378750e-01,4.181354e-01,9.130813e-05,2.523323e-02,1.491313e-03,2.902227e-13	0.133364	0.762865	0.230771	-42497.299066	10
5	6	30041	1.000000	0.000000	0.000000	0.000000	0.000000	0.000000	0.000000	0.000000	0.000000	0.000005	0.000000	0.000000	0.000003	0.000000	0.000000	0.000004	0.000000	0.000004	0.000005	0.000000	-48226.886257	74	-48226.905251	0.991812	2.287118e-02,2.373326e-01,2.984453e-02,2.418400e-01,4.430752e-01,2.035564e-10,2.486249e-02,1.739290e-04,6.705544e-28	0.123471	0.829646	0.244351	-40935.902342	10
5	7	30020	1.000000	0.000000	0.000000	0.000000	0.000000	0.000000	0.000000	0.000000	0.000000	0.000004	0.000003	0.000001	0.000003	0.000001	0.000000	0.000003	0.000000	0.000003	0.000005	0.000000	-48294.806279	63	-48294.880053	0.991119	2.423724e-02,2.365079e-01,2.927640e-02,2.527901e-01,4.319629e-01,1.949165e-04,2.486631e-02,1.643030e-04,4.891933e-19	0.125341	0.794342	0.239126	-41319.698799	10
5	8	29946	1.000000	0.000000	0.000000	0.000000	0.000000	0.000000	0.000000	0.000000	0.000000	0.000000	0.000000	0.000000	0.000000	0.000000	0.000000	0.000000	0.000000	0.000000	0.000000	-0.000000	-49610.527294	78	-49610.527606	0.988676	5.545710e-02,1.904058e-01,4.452955e-02,3.462824e-01,3.334591e-01,4.826097e-03,2.491577e-02,1.242465e-04,2.060061e-16	0.208257	0.545685	0.160992	-45250.637679	10
5	9	29988	1.000000	0.000000	0.000000	0.000000	0.000000	0.000000	0.000000	0.000000	0.000000	0.000002	0.000000	0.000001	0.000001	0.000000	0.000000	0.000002	0.000000	0.000002	0.000002	-0.000000	-48992.659177	42	-48992.677487	0.990062	4.046986e-02,2.134629e-01,3.605989e-02,3.115316e-01,3.709856e-01,2.224854e-03,2.514805e-02,1.172804e-04,3.939703e-15	0.164987	0.630344	0.195831	-43820.210902	10
5	10	29948	1.000000	0.000000	0.000000	0.000000	0.000000	0.000000	0.000000	0.000000	0.000000	0.000002	0.000000	0.000000	0.000001	0.000000	0.000000	0.000000	0.000000	0.000000	0.000002	-0.000000	-49219.724449	86	-49219.742707	0.988742	4.812212e-02,2.006188e-01,4.134075e-02,3.352938e-01,3.467359e-01,2.765867e-03,2.495202e-02,1.707700e-04,4.907099e-16	0.191191	0.572983	0.173778	-44494.878748	13
5	11	30041	1.000000	0.000000	0.000000	0.000000	0.000000	0.000000	0.000000	0.000000	0.000000	0.000006	0.000000	0.000000	0.000003	0.000000	0.000000	0.000006	0.000000	0.000006	0.000006	0.000000	-48458.690507	54	-48458.706626	0.991812	2.431425e-02,2.352357e-01,3.059243e-02,2.471934e-01,4.374836e-01,1.219296e-04,2.494724e-02,1.115127e-04,9.392417e-19	0.126953	0.812861	0.240422	-41376.286540	10
6	7	30067	0.185792	0.000007	0.814201	0.000000	0.000000	0.000000	0.000000	0.000000	0.000000	0.814204	0.000000	0.000000	0.407102	0.000000	0.000000	0.814201	0.000000	0.814201	0.814205	-0.000000	-35358.596202	54	-1	0.992671	2.458127e-01,4.309453e-02,7.993480e-15,5.400433e-02,6.258032e-01,1.590453e-03,1.978164e-26,1.632104e-03,2.806270e-02	0.000000	6.237982	0.462897	-32894.131638	10
6	8	29965	0.266966	0.176786	0.549299	0.000010	0.006939	0.000000	0.000000	0.000000	0.000000	0.642896	0.000000	0.006949	0.322316	0.000000	0.003470	0.549299	0.000000	0.549299	0.644636	-0.000005	-43000.983950	114	-1	0.989303	2.549421e-01,3.427406e-02,7.312774e-04,1.699832e-01,4.910902e-01,1.893835e-02,1.839708e-08,8.975835e-04,2.914327e-02	0.001489	2.184327	0.405901	-40210.253601	10
6	9	30010	0.316150	0.000060	0.683787	0.000000	0.000003	0.000000	0.000000	0.000000	0.000000	0.683819	0.000000	0.000003	0.341910	0.000000	0.000001	0.683787	0.000000	0.683787	0.683820	-0.000000	-39955.824076	122	-1	0.990789	2.524452e-01,3.709192e-02,7.750839e-05,1.229582e-01,5.488120e-01,8.584287e-03,6.707499e-11,1.216610e-03,2.881426e-02	0.000141	3.229663	0.432874	-37483.353945	14
6	10	29966	0.280357	0.116986	0.602655	0.000000	0.000002	0.000000	0.000000	0.000000	0.000000	0.661149	0.000000	0.000002	0.330575	0.000000	0.000001	0.602655	0.000000	0.602655	0.661149	-0.000000	-41737.455856	110	-1	0.989336	2.555853e-01,3.403092e-02,2.736411e-04,1.516678e-01,5.142600e-01,1.431556e-02,1.452011e-11,1.059373e-03,2.880743e-02	0.000532	2.554094	0.417791	-39056.967658	14
6	11	30077	0.181763	0.000020	0.818218	0.000000	0.000000	0.000000	0.000000	0.000000	0.000000	0.818228	0.000000	0.000000	0.409114	0.000000	0.000000	0.818218	0.000000	0.818218	0.818228	-0.000000	-35241.514397	207	-1	0.993001	2.439183e-01,4.499466e-02,2.852337e-10,5.127025e-02,6.285053e-01,1.431062e-03,1.153067e-23,7.372146e-04,2.914323e-02	0.000000	6.385096	0.463690	-32713.854626	10
7	8	29945	0.238789	0.226802	0.534394	0.000001	0.000014	0.000000	0.000000	0.000000	0.000000	0.647806	0.000000	0.000014	0.323905	0.000000	0.000007	0.534394	0.000000	0.534394	0.647810	-0.000000	-43236.193851	74	-1	0.988643	2.609868e-01,3.982639e-02,1.263700e-03,1.642263e-01,4.845746e-01,1.927185e-02,1.881288e-05,1.499023e-03,2.833261e-02	0.002647	2.143130	0.403702	-40896.392088	10
7	9	29987	0.321816	0.000071	0.678112	0.000000	0.000000	0.000000	0.000000	0.000001	0.000000	0.678147	0.000001	0.000001	0.339074	0.000000	0.000000	0.678112	0.000000	0.678112	0.678148	0.000000	-40256.759616	202	-1	0.990029	2.575809e-01,4.396829e-02,2.244115e-04,1.181654e-01,5.411689e-01,9.016311e-03,2.495070e-10,1.559212e-03,2.831651e-02	0.000415	3.129345	0.430837	-38147.291407	14
7	10	29950	0.278965	0.120665	0.600368	0.000001	0.000000	0.000000	0.000000	0.000000	0.000001	0.660702	0.000001	0.000002	0.330351	0.000001	0.000001	0.600369	0.000001	0.600369	0.660702	-0.000001	-41841.355361	110	-1	0.988808	2.614899e-01,4.004544e-02,4.757163e-04,1.454363e-01,5.080871e-01,1.474047e-02,4.790811e-07,1.253547e-03,2.847102e-02	0.000937	2.515881	0.416486	-39578.300887	14
7	11	30066	0.197985	0.000023	0.801992	0.000000	0.000000	0.000000	0.000000	0.000000	0.000000	0.802004	0.000000	0.000000	0.401002	0.000000	0.000000	0.801992	0.000000	0.801992	0.802004	0.000000	-36033.269799	79	-1	0.992638	2.461471e-01,5.433839e-02,7.031330e-15,4.927979e-02,6.186065e-01,1.980691e-03,4.040719e-10,1.373349e-03,2.827417e-02	0.000000	5.782870	0.460209	-33641.726853	10
8	9	29906	0.275091	0.217212	0.507695	0.000001	0.000000	0.000000	0.000000	0.000000	0.000000	0.616302	0.000001	0.000001	0.308151	0.000000	0.000000	0.507696	0.000000	0.507696	0.616303	-0.000000	-44206.260871	67	-1	0.987355	2.910442e-01,1.321240e-01,2.049018e-03,8.197956e-02,4.390409e-01,4.602010e-03,3.139005e-03,1.491441e-02,3.110691e-02	0.011817	1.838468	0.385593	-43836.061992	10
8	10	29873	0.315965	0.179462	0.504573	0.000000	0.000000	0.000000	0.000000	0.000000	0.000000	0.594304	0.000000	0.000000	0.297152	0.000000	0.000000	0.504573	0.000000	0.504573	0.594304	-0.000000	-44700.137891	86	-1	0.986266	3.038274e-01,1.182980e-01,3.413455e-03,9.855379e-02,4.188211e-01,7.885473e-03,5.291349e-03,1.121198e-02,3.269757e-02	0.020784	1.711891	0.373896	-44824.225552	10
8	11	29961	0.227543	0.236815	0.535641	0.000000	0.000000	0.000000	0.000001	0.000000	0.000000	0.654049	0.000001	0.000000	0.327025	0.000000	0.000000	0.535641	0.000000	0.535641	0.654050	0.000000	-43206.157879	126	-1	0.989171	2.583229e-01,1.665856e-01,1.478743e-10,3.781477e-02,4.869837e-01,1.527302e-03,7.187395e-04,1.860659e-02,2.944033e-02	0.001476	2.161941	0.405128	-40708.209384	10
9	10	29909	0.259327	0.183832	0.556841	0.000000	0.000000	0.000000	0.000000	0.000000	0.000000	0.648757	0.000000	0.000000	0.324378	0.000000	0.000000	0.556841	0.000000	0.556841	0.648757	0.000000	-43014.794817	130	-1	0.987454	2.923362e-01,8.241613e-02,1.837114e-03,1.133813e-01,4.608601e-01,1.138748e-02,1.795520e-03,5.394284e-03,3.059182e-02	0.007882	2.131521	0.399890	-42614.261765	10
9	11	30002	0.314671	0.000114	0.685214	0.000000	0.000000	0.000000	0.000000	0.000000	0.000000	0.685272	0.000000	0.000000	0.342636	0.000000	0.000000	0.685214	0.000000	0.685214	0.685272	0.000000	-40146.777509	138	-1	0.990525	2.560783e-01,1.196970e-01,1.145380e-16,4.064794e-02,5.447618e-01,1.390316e-03,1.182130e-04,7.773291e-03,2.953312e-02	0.000217	3.211531	0.432495	-37889.297846	14
10	11	29971	0.312224	0.082306	0.605461	0.000000	0.000000	0.000006	0.000002	0.000000	0.000000	0.646616	0.000008	0.000000	0.323308	0.000001	0.000000	0.605462	0.000000	0.605462	0.646620	0.000003	-42056.258564	126	-1	0.989501	2.571934e-01,1.494842e-01,7.555257e-07,3.802588e-02,5.101521e-01,1.630999e-03,1.112607e-03,1.323365e-02,2.916645e-02	0.002182	2.507037	0.415420	-39677.849030	14
